69,72,74,103,105,126,127,132,135,136,169,170,234,235,236
-,-,-,-,-,-,-,-,-,-,-,-,-,-,-
2,2,2,2,2,2,2,2,2,2,2,2,2,2,2
276,,,,,*,,,*,,817,,,219,24
,,,,,,,,,,,,,,
512,,30,,83,,,,,97,26,,,757,
,,,,24,,,,,,136,,148,,
,*,,20,,,,,,,,10,,,
197,,,,,,,,39,,,,,,*
,,,,,,,,,,,,,,
,,17,,122,,*,,,,,,244,,
,,,111,,,,,,,,,*,,
,,88,,,,256,29,,,*,944,255,,
*,,,,,,,971,,846,,40,295,,
,,,,133,,,*,,*,,*,,,
,,,,,,,,,,,,,,
,,,861,523,,,,,,,,30,,
,,,,,,,,,,,,,,
15,,,,104,44,,,28,,21,,,*,151
,,,,,,,,,,,,,,
,,*,*,,,,,,54,,,26,,
,,,,,,,,,,,,,,
,125,,,*,,,,,,,,,,
,,,,,,,,,,,,,,